       xel     dE/eV     N0*eV     mu/eV    |u|/AA     lamda   wlog/eV   w2nd/eV   wmin/eV      Tc/K
  0.000000  0.000000  0.000018 -0.763587  0.000001  0.000007  0.023101  0.026367  0.000000  0.000000
  0.010000  0.000000  0.068003 -0.193375  0.000001  0.030318  0.022954  0.025863  0.000000  0.000000
  0.020000  0.000000  0.127954 -0.140950  0.000002  0.062568  0.022696  0.025311 -0.000000  0.000000
  0.030000  0.000000  0.182640 -0.108490  0.000001  0.096547  0.022359  0.024747  0.000000  0.000000
  0.040000  0.000000  0.233728 -0.084380  0.000005  0.132122  0.021969  0.024178 -0.000000  0.000000
  0.050000  0.000000  0.282283 -0.064957  0.000002  0.169244  0.021543  0.023611  0.000000  0.000000
  0.060000  0.000000  0.329010 -0.048573  0.000002  0.207969  0.021092  0.023046  0.000000  0.000000
  0.070000  0.000000  0.374360 -0.034340  0.000003  0.248452  0.020625  0.022486  0.000000  0.000375
  0.080000  0.000000  0.418610 -0.021718  0.000002  0.290945  0.020145  0.021930 -0.000000  0.011281
  0.090000  0.000000  0.461915 -0.010355  0.000003  0.335789  0.019654  0.021375 -0.000000  0.080797
  0.100000  0.000000  0.504356 -0.000000  0.000002  0.383420  0.019152  0.020821 -0.000000  0.291605
  0.110000  0.000000  0.545962  0.009524  0.000002  0.434376  0.018638  0.020264 -0.000000  0.719500
  0.120000  0.000000  0.586736  0.018356  0.000005  0.489323  0.018112  0.019701 -0.000000  1.406326
  0.130000  0.000000  0.626666  0.026599  0.000005  0.549092  0.017569  0.019130  0.000000  2.358239
  0.140000  0.000000  0.665744  0.034338  0.000004  0.614752  0.017008  0.018548 -0.000000  3.555867
  0.150000  0.000000  0.703952  0.041640  0.000002  0.687683  0.016423  0.017949  0.000000  4.964662
  0.160000  0.000000  0.741284  0.048560  0.000005  0.769752  0.015811  0.017331  0.000000  6.543537
  0.170000  0.000000  0.777739  0.055144  0.000006  0.863538  0.015163  0.016687 -0.000000  8.249511
  0.180000  0.000000  0.813317  0.061430  0.000003  0.972741  0.014472  0.016009  0.000000 10.040132
  0.190000  0.000000  0.848028  0.067449  0.000002  1.102933  0.013725  0.015289  0.000000 11.874345
  0.200000  0.000000  0.881880  0.073230  0.000002  1.262961  0.012904  0.014511 -0.000000 13.711448
  0.210000  0.000000  0.914894  0.078796  0.000003  1.468106  0.011984  0.013656  0.000000 15.510189
  0.220000  0.000000  0.947085  0.084167  0.000003  1.747646  0.010918  0.012687 -0.000000 17.225168
  0.230000  0.000000  0.978482  0.089360  0.000005  2.168349  0.009620  0.011535 -0.000000 18.805035
  0.240000  0.000000  1.009105  0.094391  0.000037  2.936818  0.007880  0.010030  0.000000 20.195636
  0.250000  0.000000  1.038982  0.099274  0.000019  5.843920  0.004419  0.007190 -0.000000 21.245750
  0.260000 -0.000006  1.049719  0.100891  0.014673  6.157108  0.003671  0.006903 -0.002020 19.482715
  0.270000 -0.000065  1.048100  0.100224  0.024202  5.391840  0.004012  0.007379 -0.001903 18.836362
  0.280000 -0.000172  1.050475  0.100102  0.030325 60.221429  0.000220  0.002218 -0.001738 21.721699
  0.290000 -0.000325  1.054203  0.100150  0.035256 15.229532  0.001249  0.004442 -0.001536 19.655532
  0.300000 -0.000519  1.058450  0.100290  0.039520  8.157987  0.002851  0.006083 -0.001229 20.303641
  0.310000 -0.000755  1.062782  0.100508  0.043340  6.740825  0.003792  0.006705 -0.000650 21.210537
  0.320000 -0.001029  1.066915  0.100801  0.046833  9.417996  0.002585  0.005709 -0.000000 21.193186
  0.330000 -0.001341  1.070686  0.101172  0.050073  6.948210  0.004005  0.006648  0.000000 22.272631
  0.340000 -0.001689  1.074013  0.101627  0.053111  6.328309  0.004584  0.006961  0.000000 22.684387
  0.350000 -0.002070  1.076894  0.102175  0.055976  6.140679  0.004803  0.007057  0.000000 22.845451
  0.360000 -0.002484  1.079360  0.102821  0.058693  6.153325  0.004811  0.007034 -0.000000 22.859737
  0.370000 -0.002929  1.081449  0.103567  0.061286  6.289779  0.004675  0.006937 -0.000000 22.752336
  0.380000 -0.003403  1.083261  0.104418  0.063766  6.509923  0.004437  0.006795 -0.000000 22.525483
  0.390000 -0.003904  1.084880  0.105376  0.066144  6.725656  0.004179  0.006657  0.000000 22.195464
  0.400000 -0.004431  1.086376  0.106438  0.068435  6.752803  0.004039  0.006612  0.000000 21.819121
  0.410000 -0.004982  1.087847  0.107606  0.070641  6.450300  0.004125  0.006731  0.000000 21.467705
  0.420000 -0.005556  1.089346  0.108874  0.072776  5.889432  0.004433  0.007005 -0.000000 21.170791
  0.430000 -0.006151  1.090944  0.110240  0.074841  5.272196  0.004859  0.007362 -0.000000 20.899554
  0.440000 -0.006766  1.092694  0.111703  0.076842  4.713220  0.005317  0.007739  0.000000 20.623964
  0.450000 -0.007399  1.094598  0.113253  0.078788  4.235537  0.005769  0.008114 -0.000000 20.336385
  0.460000 -0.008049  1.096700  0.114889  0.080679  3.837582  0.006199  0.008471 -0.000000 20.039724
  0.470000 -0.008714  1.099005  0.116606  0.082520  3.506337  0.006601  0.008807  0.000000 19.734954
  0.480000 -0.009394  1.101511  0.118400  0.084315  3.229602  0.006972  0.009118  0.000000 19.422144
  0.490000 -0.010088  1.104199  0.120263  0.086068  2.997187  0.007311  0.009405 -0.000000 19.101323
  0.500000 -0.010794  1.107078  0.122195  0.087779  2.801624  0.007616  0.009667  0.000000 18.774151
  0.510000 -0.011511  1.110124  0.124188  0.089451  2.636046  0.007888  0.009903  0.000000 18.441776
  0.520000 -0.012239  1.113331  0.126241  0.091090  2.495144  0.008127  0.010116 -0.000000 18.106098
  0.530000 -0.012976  1.116688  0.128349  0.092694  2.375014  0.008334  0.010305 -0.000000 17.770411
  0.540000 -0.013722  1.120189  0.130508  0.094265  2.272254  0.008511  0.010471 -0.000000 17.437698
  0.550000 -0.014476  1.123824  0.132716  0.095806  2.183913  0.008660  0.010617  0.000000 17.110278
  0.560000 -0.015237  1.127586  0.134969  0.097321  2.107742  0.008783  0.010744  0.000000 16.790829
  0.570000 -0.016004  1.131491  0.137267  0.098804  2.042290  0.008882  0.010852  0.000000 16.483275
  0.580000 -0.016777  1.135519  0.139605  0.100263  1.985592  0.008961  0.010944  0.000000 16.188092
  0.590000 -0.017555  1.139672  0.141980  0.101697  1.936617  0.009022  0.011021 -0.000000 15.907946
  0.600000 -0.018337  1.143948  0.144390  0.103105  1.894276  0.009067  0.011085 -0.000000 15.643932
  0.610000 -0.019123  1.148340  0.146834  0.104492  1.857631  0.009098  0.011136  0.000000 15.396557
  0.620000 -0.019912  1.152834  0.149307  0.105856  1.825926  0.009118  0.011177 -0.000000 15.166206
  0.630000 -0.020704  1.157433  0.151811  0.107198  1.798803  0.009128  0.011207  0.000000 14.954194
  0.640000 -0.021498  1.162104  0.154340  0.108521  1.775457  0.009129  0.011229  0.000000 14.758904
  0.650000 -0.022293  1.166839  0.156894  0.109823  1.755688  0.009124  0.011243  0.000000 14.581036
  0.660000 -0.023090  1.171618  0.159472  0.111105  1.739185  0.009111  0.011250 -0.000000 14.420183
  0.670000 -0.023888  1.176413  0.162072  0.112369  1.725621  0.009093  0.011249 -0.000000 14.275387
  0.680000 -0.024686  1.181196  0.164693  0.113616  1.714829  0.009069  0.011241 -0.000000 14.146131
  0.690000 -0.025484  1.185943  0.167333  0.114844  1.706753  0.009040  0.011227  0.000000 14.032150
  0.700000 -0.026282  1.190618  0.169992  0.116057  1.701192  0.009005  0.011207 -0.000000 13.932077
